# Start time is 14:38:31
# 
# Freq , Real-LI, Imag-LI, Phase-deg
# Hz,V, V,deg
# Comments: 
# 
10.0000 -0.000528432508568 -0.000052979250934 -174.27481
10.2329 -0.000491017265815 -0.000003216728826 -179.62465
10.4713 -0.000490813828695 -0.000001227010126 -179.85676
10.7152 -0.000488703950551 0.000004569098073 179.46433
10.9648 -0.000487088929997 0.000003102388182 179.63507
11.2202 -0.000486677444655 0.000004584868042 179.46025
11.4815 -0.000487217858758 0.000000698544357 179.91785
11.7490 -0.000492287701948 0.000003485225364 179.59437
12.0226 -0.000489108497506 0.000005106139317 179.40187
12.3027 -0.000490632675239 0.000002998170816 179.64988
12.5893 -0.000488898205998 0.000001942001137 179.77241
12.8825 -0.000487204512996 0.000004989037886 179.41330
13.1826 -0.000489930698695 -0.000001583478854 -179.81482
13.4896 -0.000491026900962 -0.000001559169241 -179.81807
13.8038 -0.000489420763095 -0.000000645313443 -179.92445
14.1254 -0.000488901110698 0.000002073076851 179.75705
14.4544 -0.000490605798682 0.000003608018717 179.57864
14.7911 -0.000491206903111 0.000001903539848 179.77797
15.1356 -0.000486959708710 0.000004125668661 179.51458
15.4882 -0.000484838926632 -0.000001753644377 -179.79276
15.8489 -0.000483950112348 0.000001805120135 179.78629
16.2181 -0.000489399661870 0.000003994129488 179.53240
16.5959 -0.000486094083276 0.000000687350833 179.91898
16.9824 -0.000487559127297 0.000000923905651 179.89143
17.3780 -0.000486382253067 0.000000598877003 179.92945
17.7828 -0.000486798964520 0.000002254143959 179.73469
18.1970 -0.000488656304651 -0.000001670021895 -179.80419
18.6209 -0.000487905542061 0.000001291220749 179.84837
19.0546 -0.000487417278639 0.000001741276050 179.79531
19.4984 -0.000488061592325 0.000001454877275 179.82921
19.9526 -0.000487697318793 0.000003654021067 179.57073
20.4174 -0.000488896133058 0.000004079792602 179.52188
20.8930 -0.000486213306402 0.000002319120554 179.72671
21.3796 -0.000488876190188 0.000002119563220 179.75159
21.8776 -0.000487027647571 0.000002590657482 179.69523
22.3872 -0.000486547684721 0.000002585419036 179.69554
22.9087 -0.000487218929004 0.000002493181723 179.70681
23.4423 -0.000487414270556 0.000000916858008 179.89222
23.9883 -0.000488687938572 0.000001048947576 179.87702
24.5471 -0.000489829606305 0.000003079526514 179.63979
25.1189 -0.000487177259327 0.000002161767433 179.74576
25.7040 -0.000486756035455 0.000001271790681 179.85030
26.3027 -0.000487723348904 0.000002459545937 179.71106
26.9153 -0.000487889263402 0.000002852479377 179.66502
27.5423 -0.000489684931659 0.000001811341892 179.78806
28.1838 -0.000488327443207 0.000001490341642 179.82514
28.8403 -0.000487231954633 0.000001770898709 179.79175
29.5121 -0.000488218671129 0.000003351251412 179.60671
30.1995 -0.000490030294386 0.000002903784789 179.66048
30.9030 -0.000488670261898 0.000003211886288 179.62342
31.6228 -0.000487357552827 0.000001602171732 179.81164
32.3594 -0.000487945949412 0.000004144701058 179.51333
33.1131 -0.000487842646630 0.000003394064759 179.60138
33.8844 -0.000486192486542 0.000003688410489 179.56534
34.6737 -0.000488183608545 0.000001502805128 179.82362
35.4813 -0.000487574876119 0.000003178877846 179.62645
36.3078 -0.000487432554016 0.000004686100234 179.44918
37.1535 -0.000488368443246 0.000002343859556 179.72502
38.0189 -0.000488465118377 0.000004610021750 179.45927
38.9045 -0.000488089516806 0.000006063771215 179.28822
39.8107 -0.000487220362264 0.000006620778237 179.22146
40.7380 -0.000488405960582 0.000006500394993 179.23747
41.6869 -0.000487456334967 0.000005359031534 179.37012
42.6580 -0.000487680712364 0.000004466755693 179.47523
43.6516 -0.000486477362772 0.000003786880132 179.55400
44.6684 -0.000488564828024 0.000005942878107 179.30309
45.7088 -0.000487407627632 0.000005998262434 179.29493
46.7735 -0.000489256354694 0.000004583890019 179.46321
47.8630 -0.000489618000192 0.000005214845606 179.38977
48.9779 -0.000490638196813 -0.000000008136686 -179.99905
50.1187 -0.000538791060169 -0.000042338901087 -175.50686
51.2861 -0.000522517132601 -0.000010793974730 -178.81657
52.4807 -0.000489442305458 0.000008674375091 178.98465
53.7032 -0.000488938605125 0.000006834712222 179.19913
54.9541 -0.000488022125404 0.000006227974025 179.26885
56.2341 -0.000488943007112 0.000006213283700 179.27195
57.5440 -0.000489544658999 0.000005123994562 179.40032
58.8844 -0.000489448779798 0.000006783615338 179.20595
60.2560 -0.000489202016528 0.000004730520125 179.44597
61.6595 -0.000488689062272 0.000005439147816 179.36232
63.0957 -0.000487793804780 0.000005291040395 179.37854
64.5654 -0.000488936064026 0.000008914791487 178.95544
66.0693 -0.000489027446669 0.000006735492468 179.21090
67.6083 -0.000487707707576 0.000006765164469 179.20528
69.1831 -0.000487748795138 0.000007230931586 179.15065
70.7946 -0.000488324087382 0.000006190185897 179.27374
72.4436 -0.000487257854928 0.000008038947616 179.05480
74.1310 -0.000489600630141 0.000006609762696 179.22654
75.8578 -0.000487620976566 0.000007817708117 179.08149
77.6247 -0.000487834791896 0.000008666207860 178.98227
79.4328 -0.000488537575530 0.000008105713435 179.04945
81.2831 -0.000487543695672 0.000010181215667 178.80368
83.1764 -0.000486516957159 0.000008632733609 178.98345
85.1138 -0.000488254728185 0.000008667100710 178.98304
87.0964 -0.000487979604582 0.000008381092557 179.01604
89.1251 -0.000488621879984 0.000010131883925 178.81211
91.2011 -0.000488208475601 0.000009993732372 178.82731
93.3254 -0.000486600435727 0.000011297460074 178.67000
95.4993 -0.000487974922992 0.000010966592067 178.71257
97.7237 -0.000487014191964 0.000009792258348 178.84812
100.0000 -0.000488170999384 0.000009131031023 178.92843
102.3293 -0.000488812551107 0.000009773413332 178.85457
104.7129 -0.000489613050159 0.000010081644647 178.82039
107.1519 -0.000489102131836 0.000009682478289 178.86590
109.6478 -0.000488251930979 0.000010850990272 178.72686
112.2018 -0.000487503602580 0.000012157775399 178.57141
114.8154 -0.000488785327396 0.000011347883796 178.67003
117.4898 -0.000488514048336 0.000011586973839 178.64127
120.2264 -0.000487223564189 0.000012695769408 178.50736
123.0269 -0.000488190178043 0.000012857495733 178.49135
125.8925 -0.000488199099498 0.000013246423682 178.44576
128.8250 -0.000487049721533 0.000013847604473 178.37143
131.8257 -0.000488613207588 0.000014007858183 178.35786
134.8963 -0.000487750660138 0.000014117907272 178.34204
138.0384 -0.000487294949922 0.000014119811040 178.34027
141.2538 -0.000487534098705 0.000014363051662 178.31252
144.5440 -0.000487454736060 0.000016554028223 178.05498
147.9108 -0.000488462655402 0.000016016499436 178.12197
151.3561 -0.000485359874836 0.000016776043679 178.02041
154.8817 -0.000488646171974 0.000012633650522 178.51898
158.4893 -0.000487328626239 0.000016164546942 178.10021
162.1810 -0.000486838611774 0.000017614034221 177.92792
165.9587 -0.000486969742703 0.000017315000439 177.96361
169.8244 -0.000487915166635 0.000017818926922 177.90846
173.7801 -0.000488211518341 0.000018399299602 177.84171
177.8279 -0.000488083005460 0.000018786477094 177.79575
181.9701 -0.000487427354925 0.000018953636296 177.77317
186.2087 -0.000488881551402 0.000019237699563 177.74655
190.5461 -0.000487105395449 0.000020578110490 177.58094
194.9845 -0.000487538942418 0.000021110601134 177.52062
199.5262 -0.000487900438716 0.000021036999723 177.53108
204.1738 -0.000487559141982 0.000020178464225 177.63007
208.9296 -0.000487286652288 0.000021968937503 177.41861
213.7962 -0.000487778936473 0.000022885333226 177.31380
218.7762 -0.000486364778459 0.000022865764531 177.30830
223.8721 -0.000487513936148 0.000024015558964 177.17982
229.0868 -0.000487211375020 0.000023590246189 177.22797
234.4229 -0.000487738022194 0.000024001524767 177.18275
239.8833 -0.000487880974579 0.000025151849035 177.04883
245.4709 -0.000486513383409 0.000026236423102 176.91318
251.1886 -0.000489717205848 0.000026341515696 176.92107
257.0396 -0.000486309780641 0.000025786855931 176.96470
263.0268 -0.000488438433900 0.000026944534467 176.84250
269.1535 -0.000487411194922 0.000028551023601 176.64762
275.4229 -0.000486414751056 0.000030177192448 176.44992
281.8383 -0.000488505838813 0.000030203011094 176.46206
288.4032 -0.000487272967595 0.000029899281625 176.48871
295.1209 -0.000486813109149 0.000031749046625 176.26856
301.9952 -0.000488535625944 0.000031169311863 176.34939
309.0295 -0.000487587257369 0.000033336525096 176.08875
316.2278 -0.000487168629811 0.000032333861822 176.20279
323.5937 -0.000488047052962 0.000033966581959 176.01881
331.1311 -0.000486377352376 0.000035123310666 175.86961
338.8442 -0.000486519755540 0.000036233500726 175.74077
346.7369 -0.000485354585873 0.000037492257554 175.58284
354.8134 -0.000487341347594 0.000037748190749 175.57086
363.0781 -0.000486332372691 0.000037809308703 175.55455
371.5352 -0.000487955522882 0.000040310534303 175.27746
380.1894 -0.000486745725970 0.000040486092172 175.24525
389.0451 -0.000486480731520 0.000041644561938 175.10720
398.1072 -0.000486037186977 0.000042944102054 174.95071
407.3803 -0.000486433847480 0.000041790077156 175.08971
416.8694 -0.000486226534097 0.000044610160164 174.75792
426.5795 -0.000486323565193 0.000045050129194 174.70756
436.5158 -0.000485259672947 0.000045257893114 174.67171
446.6836 -0.000486727392581 0.000046510469891 174.54153
457.0882 -0.000485509770307 0.000047901377378 174.36532
467.7351 -0.000485563918155 0.000050941950947 174.01084
478.6301 -0.000485498869897 0.000050990422734 174.00438
489.7788 -0.000486238206940 0.000053248831228 173.75034
501.1872 -0.000486658455726 0.000053464174390 173.73064
512.8614 -0.000485818758782 0.000053365041571 173.73144
524.8075 -0.000486151557579 0.000055225818588 173.51910
537.0318 -0.000486034194166 0.000056335683814 173.38841
549.5409 -0.000485756771474 0.000058282454652 173.15820
562.3413 -0.000483513806354 0.000059433422126 172.99237
575.4399 -0.000485197021875 0.000060954117742 172.83958
588.8437 -0.000484522809451 0.000061253993857 172.79482
602.5596 -0.000483981721011 0.000064018506919 172.46496
616.5950 -0.000482685748184 0.000065287191421 172.29703
630.9573 -0.000482688918390 0.000067122617950 172.08323
645.6542 -0.000482019081521 0.000068818944273 171.87466
660.6934 -0.000483133579583 0.000070170692049 171.73610
676.0830 -0.000483228190585 0.000071700113515 171.56018
691.8310 -0.000481987757160 0.000072534500936 171.44176
707.9458 -0.000482104342265 0.000075309541995 171.12158
724.4360 -0.000480749050695 0.000075949057785 171.02257
741.3102 -0.000480825609673 0.000079642138117 170.59513
758.5776 -0.000480488408302 0.000080330852896 170.50874
776.2471 -0.000480854865793 0.000080304693557 170.51887
794.3282 -0.000479892468895 0.000083952726653 170.07705
812.8305 -0.000479124385596 0.000085537299835 169.87772
831.7638 -0.000480260450105 0.000087569999880 169.66629
851.1380 -0.000479065504467 0.000089358997018 169.43417
870.9636 -0.000478737340269 0.000091280434402 169.20503
891.2509 -0.000478525415784 0.000092694487859 169.03709
912.0108 -0.000476578407636 0.000094391876791 168.79690
933.2543 -0.000478378005021 0.000097366872855 168.49543
954.9926 -0.000477584914277 0.000100273194043 168.14248
977.2372 -0.000477254349957 0.000103495790423 167.76448
1000.0000 -0.000475960865950 0.000104194416428 167.65195
# End time is 14:45:25
# 
