# Start time is 14:35:38
# 
# Freq , Real-LI, Imag-LI, Phase-deg
# Hz,V, V,deg
# Comments: 
# 
10.0000 -0.000246204757463 0.000080287668311 161.93879
12.5893 -0.000362527178606 0.000004322255505 179.31692
15.8489 -0.000362279628806 -0.000006742428505 -178.93378
19.9526 -0.000334542676170 -0.000004959308320 -179.15070
25.1189 -0.000338802723504 -0.000007750571647 -178.68951
31.6228 -0.000346274392794 0.000009463748171 178.43448
39.8107 -0.000348155322970 -0.000003650261110 -179.39930
50.1187 -0.000293532687038 -0.000031056522547 -173.96043
63.0957 -0.000340898334252 -0.000030164923979 -174.94326
79.4328 -0.000344148754667 0.000008597076574 178.56901
100.0000 -0.000342362973553 0.000005017641991 179.16034
125.8925 -0.000343097875127 0.000009667505425 178.38600
158.4893 -0.000342803070049 0.000011501266670 178.07841
199.5262 -0.000342469079415 0.000016477008135 177.24549
251.1886 -0.000344396874247 0.000019182142539 176.81205
316.2278 -0.000345467459346 0.000022462593270 176.27982
398.1072 -0.000343496058175 0.000028264485612 175.29603
501.1872 -0.000343926328031 0.000035815458220 174.05482
630.9573 -0.000342948569407 0.000042819709208 172.88302
794.3282 -0.000341345310395 0.000054388146417 170.94690
1000.0000 -0.000338707935107 0.000067447109126 168.73797
# End time is 14:36:21
# 
