# Start time is 15:33:33
# 
# GATEvoltage, BIASvoltage, Current, Real-LI, Imag-LI
# mV, mV, nA, V, V
# Comments: bias = 0mV; lockin freq = 73.24; lockin V = 500mV-Rms, tau = 300ms, 1MV/A
# 
-3499.9618524 0.0305180 0.0002537 0.000000036867082 -0.000000034969188
-3480.1251240 0.0305180 0.0002531 0.000000144768631 -0.000000031528777
-3459.9832151 0.0305180 0.0002555 -0.000000142296258 -0.000000127718714
-3440.1464866 0.0305180 0.0002521 -0.000000206805281 0.000000147559375
-3420.0045777 0.0305180 0.0002552 -0.000000234564115 -0.000000498159962
-3399.8626688 0.0305180 0.0002532 0.000000054584874 0.000000132424388
-3380.0259403 0.0305180 0.0002556 -0.000000058129255 -0.000000211996735
-3359.8840314 0.0305180 0.0002566 -0.000000129551407 -0.000000261854202
-3340.0473030 0.0305180 0.0002547 0.000000010483355 -0.000000283670295
-3319.9053941 0.0305180 0.0002583 -0.000000150724295 -0.000000168033255
-3300.0686656 0.0305180 0.0002546 -0.000000222024854 -0.000000328279916
-3279.9267567 0.0305180 0.0002594 0.000000006184163 0.000000048573994
-3260.0900282 0.0305180 0.0002581 -0.000000039846970 -0.000000065900577
-3239.9481193 0.0305180 0.0002554 -0.000000080116869 0.000000030237668
-3220.1113909 0.0305180 0.0002591 0.000000029245547 0.000000080121568
-3199.9694820 0.0305180 0.0002595 -0.000000038895379 -0.000000218678428
-3180.1327535 0.0305180 0.0002616 -0.000000267618373 -0.000000146137276
-3159.9908446 0.0305180 0.0002618 -0.000000157570459 -0.000000171289222
-3139.8489357 0.0305180 0.0002622 -0.000000268018394 0.000000115066672
-3120.0122072 0.0305180 0.0002601 -0.000000296911500 -0.000000003660099
-3099.8702983 0.0305180 0.0002599 -0.000000248090797 -0.000000337623125
-3080.0335698 0.0305180 0.0002620 0.000000099655606 0.000000138956292
-3059.8916609 0.0305180 0.0002610 -0.000000107556156 -0.000000332100376
-3040.0549325 0.0305180 0.0002635 -0.000000104501669 -0.000000056537984
-3019.9130236 0.0305180 0.0002617 -0.000000110980120 -0.000000111675603
-3000.0762951 0.0305180 0.0002608 0.000000307265627 -0.000000240065717
-2979.9343862 0.0305180 0.0002594 -0.000000101787873 -0.000000347435667
-2960.0976577 0.0305180 0.0002611 0.000000044556755 -0.000000031408360
-2939.9557488 0.0305180 0.0002597 -0.000000308013976 0.000000038030724
-2920.1190204 0.0305180 0.0002579 -0.000000057903693 0.000000073238985
-2899.9771115 0.0305180 0.0002602 0.000000122348689 -0.000000032473906
-2880.1403830 0.0305180 0.0002594 -0.000000142725648 -0.000000268705653
-2859.9984741 0.0305180 0.0002637 0.000000175687097 0.000000049993744
-2839.8565652 0.0305180 0.0002615 -0.000000002395423 -0.000000440974074
-2820.0198367 0.0305180 0.0002629 0.000000125661634 -0.000000204537323
-2799.8779278 0.0305180 0.0002669 -0.000000315153254 -0.000000555791688
-2780.0411994 0.0305180 0.0002643 0.000000004814930 -0.000000334628552
-2759.8992905 0.0305180 0.0002673 0.000000236446149 -0.000000190241145
-2740.0625620 0.0305180 0.0002658 0.000000008262977 0.000000140495872
-2719.9206531 0.0305180 0.0002667 0.000000097146227 -0.000000022046941
-2700.0839246 0.0305180 0.0002676 -0.000000119820513 0.000000165576742
-2679.9420157 0.0305180 0.0002674 0.000000351415900 -0.000000000678449
-2660.1052873 0.0305180 0.0002681 0.000000078395195 -0.000000196873496
-2639.9633783 0.0305180 0.0002674 0.000000148990285 0.000000034359465
-2620.1266499 0.0305180 0.0002719 0.000000181292670 0.000000094842438
-2599.9847410 0.0305180 0.0002673 0.000000108796161 0.000000137551815
-2580.1480125 0.0305180 0.0002704 -0.000000053504055 -0.000000101912990
-2560.0061036 0.0305180 0.0002681 -0.000000077950532 0.000000044271278
-2539.8641947 0.0305180 0.0002691 -0.000000256770829 -0.000000148842260
-2520.0274662 0.0305180 0.0002715 -0.000000039295987 -0.000000035869087
-2499.8855573 0.0305180 0.0002723 -0.000000125520657 -0.000000376523204
-2480.0488289 0.0305180 0.0002682 -0.000000125251627 -0.000000322844690
-2459.9069200 0.0305180 0.0002668 0.000000148664278 0.000000127553067
-2440.0701915 0.0305180 0.0002656 -0.000000072637485 0.000000006370957
-2419.9282826 0.0305180 0.0002675 0.000000052054936 -0.000000347516729
-2400.0915541 0.0305180 0.0002678 -0.000000099959293 0.000000082292604
-2379.9496452 0.0305180 0.0002681 -0.000000108881334 0.000000197000374
-2360.1129168 0.0305180 0.0002667 -0.000000018057310 -0.000000560376944
-2339.9710079 0.0305180 0.0002650 -0.000000038957644 0.000000105937865
-2320.1342794 0.0305180 0.0002699 0.000000127257016 0.000000078387559
-2299.9923705 0.0305180 0.0002689 -0.000000029263169 0.000000157064707
-2279.8504616 0.0305180 0.0002676 -0.000000080828800 -0.000000329417126
-2260.0137331 0.0305180 0.0002710 -0.000000427889117 -0.000000252318913
-2239.8718242 0.0305180 0.0002687 0.000000014094700 0.000000184325424
-2220.0350958 0.0305180 0.0002707 0.000000328386236 -0.000000115612368
-2199.8931868 0.0305180 0.0002706 -0.000000029399446 -0.000000038316789
-2180.0564584 0.0305180 0.0002740 -0.000000499556215 -0.000000261237430
-2159.9145495 0.0305180 0.0002750 -0.000000486198705 -0.000000106628649
-2140.0778210 0.0305180 0.0002724 -0.000000024170985 -0.000000367258119
-2119.9359121 0.0305180 0.0002719 0.000000093874988 -0.000000178236420
-2100.0991836 0.0305180 0.0002750 0.000000316154774 -0.000000235942158
-2079.9572747 0.0305180 0.0002742 -0.000000157969305 -0.000000110403879
-2060.1205463 0.0305180 0.0002756 -0.000000004958256 0.000000071722314
-2039.9786374 0.0305180 0.0002747 -0.000000180885013 0.000000063810015
-2020.1419089 0.0305180 0.0002741 0.000000164996390 -0.000000107582002
-2000.0000000 0.0305180 0.0002724 0.000000133464088 -0.000000201400012
-1979.8580911 0.0305180 0.0002756 -0.000000211411096 -0.000000432152478
-1960.0213626 0.0305180 0.0002764 0.000000095111468 -0.000000090307111
-1939.8794537 0.0305180 0.0002742 0.000000049685946 -0.000000068502766
-1920.0427253 0.0305180 0.0002757 0.000000003605471 -0.000000141999032
-1899.9008164 0.0305180 0.0002744 -0.000000207212937 -0.000000108830230
-1880.0640879 0.0305180 0.0002764 0.000000307539356 0.000000008438023
-1859.9221790 0.0305180 0.0002773 0.000000168429751 -0.000000234471892
-1840.0854505 0.0305180 0.0002768 0.000000085372938 -0.000000116583931
-1819.9435416 0.0305180 0.0002749 -0.000000077205707 -0.000000100298811
-1800.1068132 0.0305180 0.0002746 -0.000000086619991 -0.000000115166531
-1779.9649042 0.0305180 0.0002760 -0.000000162563372 -0.000000149466668
-1760.1281758 0.0305180 0.0002768 0.000000025979595 0.000000072722659
-1739.9862669 0.0305180 0.0002742 -0.000000312810697 -0.000000611614217
-1720.1495384 0.0305180 0.0002740 -0.000000414936914 -0.000000082759588
-1700.0076295 0.0305180 0.0002673 -0.000000376940846 -0.000000530162772
-1679.8657206 0.0305180 0.0002730 -0.000000343200502 -0.000000090601986
-1660.0289921 0.0305180 0.0002740 -0.000000355557081 0.000000306039132
-1639.8870832 0.0305180 0.0002695 -0.000000277613598 0.000000131047518
-1620.0503548 0.0305180 0.0002746 -0.000000174648571 0.000000160855796
-1599.9084459 0.0305180 0.0002718 -0.000000204190756 -0.000000178217036
-1580.0717174 0.0305180 0.0002628 -0.000000379339207 -0.000000029829424
-1559.9298085 0.0305180 0.0002729 -0.000000822754521 -0.000000390530380
-1540.0930800 0.0305180 0.0002731 -0.000001120942445 -0.000000467596873
-1519.9511711 0.0305180 0.0002578 -0.000001101690947 -0.000000284149027
-1500.1144427 0.0305180 0.0002669 -0.000000824390434 -0.000000130339699
-1479.9725338 0.0305180 0.0002693 -0.000002831291217 0.000000237334888
-1460.1358053 0.0305180 0.0002412 -0.000001761419223 0.000000153206654
-1439.9938964 0.0305180 0.0002279 -0.000002225324278 0.000000024027659
-1419.8519875 0.0305180 0.0002447 -0.000003628005641 -0.000000123199834
-1400.0152590 0.0305180 0.0002120 -0.000004489674338 -0.000000336361974
-1379.8733501 0.0305180 0.0002111 -0.000005502264110 -0.000000910875911
-1360.0366217 0.0305180 0.0002255 -0.000004210790779 0.000000312411264
-1339.8947127 0.0305180 0.0002388 -0.000003823982174 -0.000000454613537
-1320.0579843 0.0305180 0.0002680 -0.000003963114687 0.000000132808548
-1299.9160754 0.0305180 0.0002415 -0.000004126167953 -0.000000081956023
-1280.0793469 0.0305180 0.0002508 -0.000003180906731 0.000000031781947
-1259.9374380 0.0305180 0.0002566 -0.000005254486985 0.000000807863305
-1240.1007095 0.0305180 0.0002325 -0.000004424109167 0.000000317953397
-1219.9588006 0.0305180 0.0002622 -0.000003119853979 0.000000305695502
-1200.1220722 0.0305180 0.0002734 -0.000003656999193 -0.000000002398360
-1179.9801633 0.0305180 0.0002153 -0.000003801932296 -0.000000325831039
-1160.1434348 0.0305180 0.0001694 -0.000007143512141 -0.000000698519098
-1140.0015259 0.0305180 0.0001160 -0.000008472669043 -0.000000430098922
-1119.8596170 0.0305180 0.0002223 -0.000009299525976 0.000000028212308
-1100.0228885 0.0305180 0.0001461 -0.000009996898467 0.000000381269408
-1079.8809796 0.0305180 0.0002013 -0.000009815678634 -0.000001840988047
-1060.0442512 0.0305180 0.0000946 -0.000009654416944 0.000001055189892
-1039.9023423 0.0305180 0.0001703 -0.000011424535584 -0.000001611580143
-1020.0656138 0.0305180 0.0000477 -0.000013785134321 -0.000000020944976
-999.9237049 0.0305180 0.0001842 -0.000012217130561 0.000001188151752
-980.0869764 0.0305180 0.0001846 -0.000011367084190 0.000000038668642
-959.9450675 0.0305180 0.0002191 -0.000010034651938 -0.000000936748598
-940.1083391 0.0305180 0.0000941 -0.000011165075630 0.000000209625395
-919.9664302 0.0305180 0.0002041 -0.000012648020125 -0.000000249645649
-900.1297017 0.0305180 0.0001314 -0.000010347154836 0.000000455568065
-879.9877928 0.0305180 0.0001873 -0.000010067529388 0.000000164895944
-860.1510643 0.0305180 0.0000832 -0.000016555789253 -0.000001419261946
-840.0091554 0.0305180 0.0000911 -0.000020949531524 0.000001589967291
-819.8672465 0.0305180 -0.0000316 -0.000019904192942 -0.000001228503300
-800.0305180 0.0305180 0.0000895 -0.000018922180357 -0.000000495938997
-779.8886091 0.0305180 0.0001288 -0.000018821341725 -0.000000837233969
-760.0518807 0.0305180 0.0000839 -0.000021399217937 0.000000336860090
-739.9099718 0.0305180 0.0001059 -0.000018500655735 0.000000245478035
-720.0732433 0.0305180 0.0001033 -0.000016386926587 0.000000089524104
-699.9313344 0.0305180 0.0001227 -0.000019703984181 0.000001759597691
-680.0946059 0.0305180 -0.0000679 -0.000026965314383 0.000001620995014
-659.9526970 0.0305180 -0.0000742 -0.000028941450011 0.000001542612155
-640.1159686 0.0305180 -0.0000310 -0.000026235915000 -0.000000280235758
-619.9740597 0.0305180 -0.0000168 -0.000034799331704 0.000000340958391
-600.1373312 0.0305180 0.0000128 -0.000033226873678 0.000000594382793
-579.9954223 0.0305180 -0.0000574 -0.000034376448423 0.000001142628721
-559.8535134 0.0305180 -0.0001841 -0.000028031661381 0.000001086856121
-540.0167849 0.0305180 0.0001347 -0.000024899894311 0.000000461047346
-519.8748760 0.0305180 0.0000951 -0.000021876812972 0.000001815353844
-500.0381476 0.0305180 0.0001222 -0.000024346629037 0.000000053806567
-479.8962387 0.0305180 -0.0000908 -0.000023365046430 -0.000000014771386
-460.0595102 0.0305180 0.0000425 -0.000025598321775 -0.000000438623880
-439.9176013 0.0305180 0.0000284 -0.000027549427049 0.000000382571677
-420.0808728 0.0305180 -0.0001131 -0.000038472701190 -0.000001817810357
-399.9389639 0.0305180 -0.0003921 -0.000036489890919 -0.000000387101130
-380.1022354 0.0305180 -0.0001942 -0.000031598239507 -0.000000397102229
-359.9603265 0.0305180 -0.0000632 -0.000033427107110 -0.000001539763257
-340.1235981 0.0305180 -0.0000549 -0.000033480587670 0.000001276482257
-319.9816892 0.0305180 0.0000730 -0.000030446259353 -0.000000959760053
-300.1449607 0.0305180 -0.0000515 -0.000033225170214 0.000000290065923
-280.0030518 0.0305180 -0.0002174 -0.000035795390235 0.000000358620380
-259.8611429 0.0305180 -0.0002933 -0.000041070608970 0.000001186293214
-240.0244144 0.0305180 -0.0004805 -0.000061884283331 0.000000724184433
-219.8825055 0.0305180 -0.0006443 -0.000057100076469 0.000001561751459
-200.0457771 0.0305180 -0.0003023 -0.000056891920165 0.000000985670334
-179.9038682 0.0305180 -0.0001710 -0.000045455154294 0.000000546007928
-160.0671397 0.0305180 -0.0001976 -0.000037404141451 -0.000001011476058
-139.9252308 0.0305180 0.0000073 -0.000031472837505 -0.000000127503138
-120.0885023 0.0305180 -0.0001379 -0.000032304190409 0.000001628576018
-99.9465934 0.0305180 -0.0002737 -0.000042860636997 -0.000002590195785
-80.1098650 0.0305180 -0.0001803 -0.000036783239241 0.000000691359848
-59.9679561 0.0305180 0.0000570 -0.000037145123224 0.000000353324368
-40.1312276 0.0305180 -0.0000665 -0.000040946681345 0.000000202053790
-19.9893187 0.0305180 -0.0002660 -0.000039129265134 -0.000002553682318
0.1525902 0.0305180 0.0000196 -0.000036561418803 -0.000000039545046
19.9893187 0.0305180 0.0000423 -0.000029774262021 0.000000347870932
40.1312276 0.0305180 -0.0000038 -0.000030449266849 0.000000510300377
59.9679561 0.0305180 0.0000029 -0.000025320740484 -0.000000723894257
80.1098650 0.0305180 -0.0000263 -0.000027034476214 0.000000878270427
99.9465934 0.0305180 -0.0000713 -0.000032121163142 0.000000101624576
120.0885023 0.0305180 -0.0000423 -0.000032732631097 0.000000007442965
139.9252308 0.0305180 -0.0000440 -0.000032573449395 0.000000888451270
160.0671397 0.0305180 -0.0000134 -0.000027649842165 0.000000049712379
179.9038682 0.0305180 -0.0000783 -0.000028291935472 -0.000000728043074
200.0457771 0.0305180 0.0000794 -0.000024694753727 0.000000822642915
219.8825055 0.0305180 0.0000127 -0.000024956441694 0.000000731976902
240.0244144 0.0305180 -0.0000261 -0.000026687584480 -0.000000633366871
259.8611429 0.0305180 -0.0000761 -0.000027605268375 -0.000000759484915
280.0030518 0.0305180 -0.0001091 -0.000028958152773 0.000001432100194
300.1449607 0.0305180 -0.0001047 -0.000033745176813 0.000000913627299
319.9816892 0.0305180 -0.0001658 -0.000032575240382 0.000000557869327
340.1235981 0.0305180 0.0000006 -0.000031388557721 0.000001438749579
359.9603265 0.0305180 0.0000543 -0.000031512224539 0.000000638514270
380.1022354 0.0305180 0.0000315 -0.000023432665744 0.000000661958640
399.9389639 0.0305180 0.0000219 -0.000023999993411 0.000000906533839
420.0808728 0.0305180 0.0000383 -0.000025457104574 0.000000392485253
439.9176013 0.0305180 -0.0000171 -0.000024121425753 0.000001300716094
460.0595102 0.0305180 -0.0000265 -0.000023867200722 -0.000000139156009
479.8962387 0.0305180 0.0000493 -0.000024227590943 -0.000000902180606
500.0381476 0.0305180 -0.0001002 -0.000029544206213 0.000000327263124
519.8748760 0.0305180 -0.0001342 -0.000036092898534 -0.000000437452014
540.0167849 0.0305180 -0.0002844 -0.000043826543619 0.000001143351813
559.8535134 0.0305180 -0.0002800 -0.000050477837953 0.000001782257292
579.9954223 0.0305180 -0.0003288 -0.000059452471557 0.000000857611515
600.1373312 0.0305180 -0.0000661 -0.000043740441716 0.000000791901843
619.9740597 0.0305180 -0.0000777 -0.000033193565662 -0.000002181902970
640.1159686 0.0305180 -0.0001738 -0.000030987061729 -0.000000648316827
659.9526970 0.0305180 -0.0000574 -0.000029134931263 0.000000012753075
680.0946059 0.0305180 -0.0000648 -0.000031138714118 0.000001398332830
699.9313344 0.0305180 -0.0001506 -0.000038546074102 0.000000729786482
720.0732433 0.0305180 -0.0000549 -0.000038661089083 0.000002649423481
739.9099718 0.0305180 0.0000141 -0.000031563350206 0.000000761187205
760.0518807 0.0305180 -0.0000841 -0.000027443463338 0.000000471583567
779.8886091 0.0305180 0.0000927 -0.000027973522140 0.000000749739924
800.0305180 0.0305180 -0.0000007 -0.000028257025025 -0.000000098060223
819.8672465 0.0305180 0.0000204 -0.000031149455930 0.000000602513018
840.0091554 0.0305180 -0.0000599 -0.000033035485338 0.000001235403506
860.1510643 0.0305180 -0.0001769 -0.000037919404784 0.000001015025138
879.9877928 0.0305180 -0.0002549 -0.000040026613775 0.000001433447105
900.1297017 0.0305180 -0.0001030 -0.000040851246219 0.000000333059015
919.9664302 0.0305180 -0.0002129 -0.000041570139339 0.000000972261720
940.1083391 0.0305180 -0.0001595 -0.000038132412437 -0.000000004508894
959.9450675 0.0305180 -0.0000634 -0.000032824094801 0.000000802344080
980.0869764 0.0305180 -0.0000285 -0.000032459457080 -0.000000148229600
999.9237049 0.0305180 -0.0001519 -0.000032615630698 0.000000753368303
1020.0656138 0.0305180 -0.0000907 -0.000035504466118 -0.000000150241451
1039.9023423 0.0305180 -0.0001104 -0.000034674804343 0.000000943316922
1060.0442512 0.0305180 0.0000087 -0.000033102347491 0.000000242620914
1079.8809796 0.0305180 -0.0000113 -0.000034241153404 0.000000307993417
1100.0228885 0.0305180 -0.0000565 -0.000034539076996 0.000000398383351
1119.8596170 0.0305180 -0.0001826 -0.000037372999772 0.000000869524605
1140.0015259 0.0305180 -0.0000662 -0.000036265459481 0.000001055511789
1160.1434348 0.0305180 -0.0001348 -0.000041365970904 0.000000656205042
1179.9801633 0.0305180 -0.0003463 -0.000046130721265 -0.000001040490757
1200.1220722 0.0305180 -0.0003202 -0.000049043562611 0.000000971799435
1219.9588006 0.0305180 -0.0004208 -0.000052016426994 0.000001380897577
1240.1007095 0.0305180 -0.0002887 -0.000057767084413 0.000002740718013
1259.9374380 0.0305180 -0.0004363 -0.000053431625296 0.000000368249066
1280.0793469 0.0305180 -0.0004760 -0.000061039295075 0.000001444583064
1299.9160754 0.0305180 -0.0005903 -0.000065129109922 0.000001194480416
1320.0579843 0.0305180 -0.0003451 -0.000066123661767 0.000000286121521
1339.8947127 0.0305180 -0.0004777 -0.000062329437942 0.000001336970516
1360.0366217 0.0305180 -0.0003444 -0.000061944936063 -0.000000587149531
1379.8733501 0.0305180 -0.0003065 -0.000063743071994 0.000000984551335
1400.0152590 0.0305180 -0.0001644 -0.000061095790179 0.000002412006944
1419.8519875 0.0305180 -0.0003945 -0.000064183386416 0.000002499063375
1439.9938964 0.0305180 -0.0004972 -0.000062876529038 0.000000519046786
1460.1358053 0.0305180 -0.0004371 -0.000065711495627 0.000001638497230
1479.9725338 0.0305180 -0.0005220 -0.000070462688761 0.000000569664350
1500.1144427 0.0305180 -0.0005202 -0.000076712004258 0.000002479356054
1519.9511711 0.0305180 -0.0007123 -0.000076740907937 0.000001613303579
1540.0930800 0.0305180 -0.0005952 -0.000075537222939 0.000001535778325
1559.9298085 0.0305180 -0.0004667 -0.000074802860599 0.000000922665059
1580.0717174 0.0305180 -0.0004270 -0.000074427129213 0.000003261685014
1599.9084459 0.0305180 -0.0006950 -0.000078664906393 0.000002282706946
1620.0503548 0.0305180 -0.0007634 -0.000083084134253 0.000001947536222
1639.8870832 0.0305180 -0.0006178 -0.000089113927227 0.000001384165292
1660.0289921 0.0305180 -0.0008996 -0.000082684553190 -0.000000744216587
1679.8657206 0.0305180 -0.0008706 -0.000086459772227 -0.000000251801412
1700.0076295 0.0305180 -0.0005500 -0.000084262903441 -0.000000367895450
1720.1495384 0.0305180 -0.0006621 -0.000081080126423 0.000001733418380
1739.9862669 0.0305180 -0.0007421 -0.000076849376328 0.000000689554764
1760.1281758 0.0305180 -0.0006275 -0.000079664456438 0.000002136948543
1779.9649042 0.0305180 -0.0004497 -0.000071861033338 0.000001719189165
1800.1068132 0.0305180 -0.0004422 -0.000069957653851 0.000000971156818
1819.9435416 0.0305180 -0.0003129 -0.000063853831838 0.000000298771213
1840.0854505 0.0305180 -0.0005386 -0.000066769788761 0.000001019509362
1859.9221790 0.0305180 -0.0005598 -0.000062061321452 0.000001813108208
1880.0640879 0.0305180 -0.0004221 -0.000058613162886 0.000000354183736
1899.9008164 0.0305180 -0.0001259 -0.000058317138363 0.000002018469656
1920.0427253 0.0305180 -0.0004768 -0.000055124885971 0.000000148373514
1939.8794537 0.0305180 -0.0003224 -0.000053922947905 -0.000000391811503
1960.0213626 0.0305180 -0.0002585 -0.000048283022723 -0.000000629457713
1979.8580911 0.0305180 -0.0003051 -0.000056626834080 -0.000000323866769
2000.0000000 0.0305180 -0.0002947 -0.000058774880400 0.000000691205949
2020.1419089 0.0305180 -0.0003940 -0.000058799078406 0.000001891652016
2039.9786374 0.0305180 -0.0004979 -0.000057145711694 0.000000599662358
2060.1205463 0.0305180 -0.0004802 -0.000058066608675 0.000000709958156
2079.9572747 0.0305180 -0.0002814 -0.000059832936812 -0.000000290269163
2100.0991836 0.0305180 -0.0003028 -0.000057771562174 0.000002499132688
2119.9359121 0.0305180 -0.0003978 -0.000064758790853 0.000001588834193
2140.0778210 0.0305180 -0.0002658 -0.000064691721934 0.000000505813804
2159.9145495 0.0305180 -0.0003631 -0.000062279431862 0.000000314972922
2180.0564584 0.0305180 -0.0004137 -0.000060035788293 -0.000000029626183
2199.8931868 0.0305180 -0.0004547 -0.000060776369453 0.000001572778747
2220.0350958 0.0305180 -0.0004180 -0.000064097051902 0.000001014861841
2239.8718242 0.0305180 -0.0004718 -0.000075878221273 0.000000201126283
2260.0137331 0.0305180 -0.0005601 -0.000081892446931 0.000000657990155
2279.8504616 0.0305180 -0.0008089 -0.000086694561904 0.000002458510348
2299.9923705 0.0305180 -0.0007212 -0.000084368477117 0.000002568673393
2320.1342794 0.0305180 -0.0004942 -0.000081041995841 0.000000460731912
2339.9710079 0.0305180 -0.0006687 -0.000090134952672 0.000000910830681
2360.1129168 0.0305180 -0.0006047 -0.000089629629348 0.000001189892811
2379.9496452 0.0305180 -0.0006342 -0.000091739428193 0.000000535881713
2400.0915541 0.0305180 -0.0006786 -0.000087155197481 0.000003233680059
2419.9282826 0.0305180 -0.0006127 -0.000080117154459 0.000000130464229
2440.0701915 0.0305180 -0.0005306 -0.000077925409577 0.000001150786554
2459.9069200 0.0305180 -0.0004240 -0.000076001940370 0.000002933171312
2480.0488289 0.0305180 -0.0005839 -0.000070102253897 0.000000717463385
2499.8855573 0.0305180 -0.0004139 -0.000071172335593 0.000000565738158
2520.0274662 0.0305180 -0.0006620 -0.000067776604376 0.000000891411186
2539.8641947 0.0305180 -0.0003261 -0.000062300188283 0.000000109725430
2560.0061036 0.0305180 -0.0004129 -0.000062939950194 0.000001162664400
2580.1480125 0.0305180 -0.0004795 -0.000073406040916 -0.000000652556691
2599.9847410 0.0305180 -0.0005872 -0.000078611273696 0.000000041298439
2620.1266499 0.0305180 -0.0005698 -0.000080531473426 0.000000171095967
2639.9633783 0.0305180 -0.0006577 -0.000083166327587 0.000001129348160
2660.1052873 0.0305180 -0.0007429 -0.000085182193291 0.000001181507066
2679.9420157 0.0305180 -0.0006785 -0.000084935811245 0.000000607598153
2700.0839246 0.0305180 -0.0004846 -0.000081494343183 0.000002169975782
2719.9206531 0.0305180 -0.0006501 -0.000086782570512 0.000002515231602
2740.0625620 0.0305180 -0.0006425 -0.000092495462712 0.000003787935692
2759.8992905 0.0305180 -0.0006688 -0.000094224617731 0.000003961745454
2780.0411994 0.0305180 -0.0008211 -0.000097650133731 0.000004102995550
2799.8779278 0.0305180 -0.0007741 -0.000094675471311 0.000001524026183
2820.0198367 0.0305180 -0.0007141 -0.000088425526120 0.000001462429497
2839.8565652 0.0305180 -0.0007291 -0.000083676065820 0.000001824529643
2859.9984741 0.0305180 -0.0006794 -0.000079016294685 0.000001808546448
2880.1403830 0.0305180 -0.0006556 -0.000073792461836 0.000000179451166
2899.9771115 0.0305180 -0.0004898 -0.000074581154704 0.000001216103841
2920.1190204 0.0305180 -0.0004609 -0.000075708338290 0.000003076648834
2939.9557488 0.0305180 -0.0005796 -0.000073334799684 -0.000000543241854
2960.0976577 0.0305180 -0.0006562 -0.000071657887569 0.000001418125911
2979.9343862 0.0305180 -0.0004413 -0.000070793253081 0.000000971093378
3000.0762951 0.0305180 -0.0004518 -0.000067962620342 0.000000928077964
3019.9130236 0.0305180 -0.0004917 -0.000063736884306 0.000001854752627
3040.0549325 0.0305180 -0.0003004 -0.000066230222278 0.000003134880297
3059.8916609 0.0305180 -0.0004359 -0.000065153191035 -0.000000416103493
3080.0335698 0.0305180 -0.0005133 -0.000060692128438 0.000001929738543
3099.8702983 0.0305180 -0.0003561 -0.000056558318979 0.000000705620783
3120.0122072 0.0305180 -0.0002298 -0.000052537076798 0.000000189694274
3139.8489357 0.0305180 -0.0001028 -0.000055217935072 0.000000965010248
3159.9908446 0.0305180 -0.0002824 -0.000050754160442 0.000000945446253
3180.1327535 0.0305180 -0.0003681 -0.000050299590959 -0.000000583501180
3199.9694820 0.0305180 -0.0001004 -0.000050252569467 0.000000510958854
3220.1113909 0.0305180 -0.0002697 -0.000047419203548 0.000001943358035
3239.9481193 0.0305180 -0.0002028 -0.000048065075610 0.000001285855423
3260.0900282 0.0305180 -0.0001813 -0.000052484777504 0.000001694673963
3279.9267567 0.0305180 -0.0001029 -0.000049146288565 0.000000106549938
3300.0686656 0.0305180 -0.0001738 -0.000050576764006 0.000000334220308
3319.9053941 0.0305180 -0.0002196 -0.000052827679606 0.000000002905875
3340.0473030 0.0305180 -0.0003140 -0.000050768748558 0.000002101067121
3359.8840314 0.0305180 -0.0002947 -0.000051574034933 0.000001069550685
3380.0259403 0.0305180 -0.0003220 -0.000050464482204 0.000001072599886
3399.8626688 0.0305180 -0.0003299 -0.000050888426333 0.000001390435216
3420.0045777 0.0305180 -0.0002159 -0.000053793008813 0.000002472400632
3440.1464866 0.0305180 -0.0003484 -0.000057907896894 -0.000000084803746
3459.9832151 0.0305180 -0.0004803 -0.000061761188642 0.000001475129118
3480.1251240 0.0305180 -0.0005108 -0.000066386165636 0.000000905340239
3499.9618524 0.0305180 -0.0005283 -0.000068424873623 -0.000001130885390
# End time is 15:45:54
# 
