# Start time is 12:34:26
# 
# Heater-output, Time, TempMXC, TempProbe
# % ,s, K ,K 
# Comments: Exercise 3, step alike
0.000000000000000000e+00 1.634121266597174883e+09 3.717639999999999834e-01 3.692699999999999871e-01
0.000000000000000000e+00 1.634121278308342218e+09 3.459849999999999870e-01 3.692699999999999871e-01
0.000000000000000000e+00 1.634121288348291636e+09 3.472509999999999764e-01 3.350049999999999972e-01
0.000000000000000000e+00 1.634121298382547617e+09 3.255819999999999825e-01 3.313409999999999966e-01
0.000000000000000000e+00 1.634121308456249714e+09 3.225359999999999894e-01 3.144669999999999965e-01
0.000000000000000000e+00 1.634121318501228333e+09 2.992239999999999900e-01 3.097249999999999726e-01
0.000000000000000000e+00 1.634121328543636322e+09 2.978629999999999889e-01 2.917350000000000221e-01
0.000000000000000000e+00 1.634121338592429638e+09 2.810920000000000085e-01 2.894309999999999938e-01
0.000000000000000000e+00 1.634121348633884192e+09 2.848339999999999761e-01 2.873240000000000238e-01
0.000000000000000000e+00 1.634121358667506695e+09 2.692780000000000173e-01 2.781810000000000116e-01
0.000000000000000000e+00 1.634121368720194817e+09 2.683659999999999934e-01 2.664179999999999882e-01
0.000000000000000000e+00 1.634121378771768332e+09 2.597550000000000137e-01 2.635939999999999950e-01
0.000000000000000000e+00 1.634121388819255590e+09 2.593630000000000102e-01 2.543509999999999938e-01
0.000000000000000000e+00 1.634121398865840435e+09 2.458440000000000070e-01 2.514430000000000276e-01
0.000000000000000000e+00 1.634121408911012650e+09 2.457830000000000015e-01 2.429870000000000085e-01
0.000000000000000000e+00 1.634121418956969261e+09 2.393720000000000014e-01 2.413589999999999902e-01
0.000000000000000000e+00 1.634121429020740509e+09 2.368599999999999872e-01 2.319990000000000108e-01
0.000000000000000000e+00 1.634121439072628498e+09 2.283650000000000124e-01 2.321570000000000022e-01
0.000000000000000000e+00 1.634121449118504047e+09 2.269130000000000036e-01 2.262909999999999922e-01
0.000000000000000000e+00 1.634121459164015055e+09 2.163420000000000065e-01 2.228150000000000130e-01
0.000000000000000000e+00 1.634121469207197189e+09 2.179449999999999998e-01 2.125470000000000137e-01
0.000000000000000000e+00 1.634121479268741608e+09 2.115090000000000026e-01 2.133430000000000049e-01
0.000000000000000000e+00 1.634121489326836824e+09 2.105750000000000122e-01 2.046900000000000108e-01
0.000000000000000000e+00 1.634121499383083582e+09 2.012829999999999897e-01 2.056939999999999880e-01
0.000000000000000000e+00 1.634121509431947470e+09 2.016010000000000024e-01 1.986610000000000043e-01
0.000000000000000000e+00 1.634121519472865343e+09 1.928330000000000044e-01 1.978100000000000136e-01
0.000000000000000000e+00 1.634121529496829987e+09 1.921670000000000045e-01 1.900810000000000000e-01
0.000000000000000000e+00 1.634121539544057608e+09 1.846790000000000098e-01 1.885880000000000056e-01
0.000000000000000000e+00 1.634121549590349913e+09 1.845070000000000043e-01 1.823359999999999981e-01
0.000000000000000000e+00 1.634121559627625942e+09 1.759610000000000063e-01 1.809540000000000037e-01
0.000000000000000000e+00 1.634121569684642792e+09 1.749149999999999872e-01 1.736229999999999996e-01
0.000000000000000000e+00 1.634121579734498024e+09 1.693600000000000105e-01 1.729050000000000031e-01
0.000000000000000000e+00 1.634121589761063576e+09 1.686400000000000121e-01 1.655669999999999920e-01
0.000000000000000000e+00 1.634121599812920332e+09 1.620969999999999911e-01 1.652520000000000100e-01
0.000000000000000000e+00 1.634121609855372190e+09 1.601039999999999963e-01 1.576770000000000116e-01
0.000000000000000000e+00 1.634121619889308691e+09 1.538440000000000085e-01 1.570409999999999862e-01
0.000000000000000000e+00 1.634121629938958168e+09 1.519659999999999900e-01 1.511560000000000126e-01
0.000000000000000000e+00 1.634121639989464045e+09 1.433939999999999937e-01 1.490470000000000128e-01
0.000000000000000000e+00 1.634121650023403883e+09 1.437090000000000034e-01 1.412200000000000122e-01
0.000000000000000000e+00 1.634121660053483009e+09 1.373530000000000029e-01 1.413109999999999922e-01
0.000000000000000000e+00 1.634121670095843554e+09 1.367740000000000067e-01 1.357160000000000033e-01
0.000000000000000000e+00 1.634121680140991449e+09 1.288430000000000131e-01 1.346130000000000104e-01
0.000000000000000000e+00 1.634121690192214966e+09 1.279349999999999932e-01 1.279500000000000082e-01
0.000000000000000000e+00 1.634121700258701801e+09 1.217199999999999949e-01 1.273410000000000097e-01
0.000000000000000000e+00 1.634121710304067373e+09 1.210979999999999973e-01 1.194199999999999984e-01
0.000000000000000000e+00 1.634121720343771219e+09 1.139539999999999997e-01 1.196060000000000040e-01
0.000000000000000000e+00 1.634121730366356373e+09 1.135779999999999984e-01 1.147689999999999960e-01
0.000000000000000000e+00 1.634121740412617207e+09 1.081119999999999998e-01 1.138640000000000069e-01
0.000000000000000000e+00 1.634121750463783026e+09 1.075480000000000047e-01 1.069390000000000063e-01
0.000000000000000000e+00 1.634121760511497736e+09 1.008310000000000040e-01 1.062970000000000026e-01
0.000000000000000000e+00 1.634121770567910194e+09 1.003079999999999944e-01 1.011390000000000067e-01
0.000000000000000000e+00 1.634121780613848686e+09 9.478380000000000138e-02 1.007090000000000068e-01
0.000000000000000000e+00 1.634121790654775858e+09 9.414970000000000283e-02 9.480840000000000101e-02
0.000000000000000000e+00 1.634121800713932037e+09 8.814329999999999388e-02 9.439150000000000318e-02
0.000000000000000000e+00 1.634121810778698683e+09 8.792659999999999365e-02 8.857850000000000446e-02
0.000000000000000000e+00 1.634121820832755804e+09 8.270569999999999311e-02 8.823730000000000462e-02
0.000000000000000000e+00 1.634121830874235153e+09 8.227669999999999428e-02 8.336190000000000266e-02
0.000000000000000000e+00 1.634121840923428059e+09 7.728870000000000184e-02 8.315659999999999719e-02
0.000000000000000000e+00 1.634121850974985123e+09 7.681949999999999890e-02 7.786039999999999628e-02
0.000000000000000000e+00 1.634121861032080650e+09 7.206250000000000155e-02 7.779890000000000416e-02
0.000000000000000000e+00 1.634121871086930752e+09 7.182639999999999858e-02 7.347639999999999727e-02
0.000000000000000000e+00 1.634121881148610115e+09 6.735739999999999783e-02 7.319309999999999705e-02
0.000000000000000000e+00 1.634121891170482635e+09 6.705450000000000299e-02 6.879140000000000255e-02
0.000000000000000000e+00 1.634121901207246542e+09 6.261210000000000386e-02 6.849130000000000495e-02
0.000000000000000000e+00 1.634121911262250662e+09 6.251009999999999900e-02 6.458650000000000502e-02
0.000000000000000000e+00 1.634121921304563522e+09 5.860189999999999844e-02 6.436169999999999392e-02
0.000000000000000000e+00 1.634121931346753359e+09 5.837500000000000328e-02 6.090829999999999855e-02
0.000000000000000000e+00 1.634121941392151117e+09 5.463470000000000132e-02 6.060249999999999665e-02
0.000000000000000000e+00 1.634121951416469812e+09 5.443130000000000190e-02 5.747379999999999850e-02
0.000000000000000000e+00 1.634121961454748869e+09 5.122240000000000126e-02 5.711780000000000329e-02
0.000000000000000000e+00 1.634121971511657476e+09 5.102319999999999772e-02 5.419090000000000018e-02
0.000000000000000000e+00 1.634121981554407358e+09 4.788459999999999939e-02 5.397939999999999683e-02
0.000000000000000000e+00 1.634121991602553606e+09 4.774269999999999903e-02 5.106059999999999766e-02
0.000000000000000000e+00 1.634122001645950556e+09 4.498470000000000246e-02 5.088349999999999818e-02
0.000000000000000000e+00 1.634122011697999477e+09 4.481380000000000086e-02 4.861000000000000043e-02
0.000000000000000000e+00 1.634122021748355627e+09 4.220530000000000115e-02 4.857319999999999693e-02
0.000000000000000000e+00 1.634122031788091898e+09 4.212699999999999778e-02 4.578569999999999862e-02
0.000000000000000000e+00 1.634122041832525969e+09 3.974590000000000067e-02 4.565179999999999932e-02
0.000000000000000000e+00 1.634122051888772011e+09 3.963320000000000037e-02 4.364939999999999792e-02
0.000000000000000000e+00 1.634122061951020002e+09 3.749879999999999880e-02 4.364649999999999780e-02
0.000000000000000000e+00 1.634122071993795633e+09 3.745710000000000012e-02 4.193310000000000093e-02
0.000000000000000000e+00 1.634122082027360678e+09 3.551279999999999715e-02 4.183420000000000194e-02
0.000000000000000000e+00 1.634122092063278913e+09 3.543079999999999841e-02 3.980550000000000060e-02
0.000000000000000000e+00 1.634122102128242731e+09 3.380099999999999771e-02 3.976860000000000117e-02
0.000000000000000000e+00 1.634122112164532900e+09 3.373550000000000160e-02 3.827679999999999971e-02
0.000000000000000000e+00 1.634122122208832264e+09 3.200360000000000010e-02 3.815360000000000279e-02
0.000000000000000000e+00 1.634122132255219221e+09 3.192330000000000167e-02 3.662449999999999734e-02
0.000000000000000000e+00 1.634122142315863371e+09 3.049170000000000005e-02 3.657819999999999822e-02
0.000000000000000000e+00 1.634122152354283810e+09 3.047259999999999899e-02 3.529240000000000155e-02
0.000000000000000000e+00 1.634122162402185917e+09 2.912529999999999980e-02 3.523409999999999737e-02
0.000000000000000000e+00 1.634122172449496269e+09 2.905119999999999925e-02 3.414129999999999943e-02
0.000000000000000000e+00 1.634122182482273340e+09 2.783820000000000044e-02 3.415549999999999836e-02
0.000000000000000000e+00 1.634122192525494337e+09 2.781269999999999923e-02 3.280659999999999826e-02
0.000000000000000000e+00 1.634122202573729277e+09 2.668509999999999979e-02 3.278489999999999877e-02
0.000000000000000000e+00 1.634122212622891665e+09 2.664189999999999961e-02 3.190760000000000124e-02
0.000000000000000000e+00 1.634122222664274454e+09 2.548699999999999924e-02 3.186900000000000149e-02
0.000000000000000000e+00 1.634122232712498903e+09 2.543580000000000146e-02 3.078349999999999836e-02
0.000000000000000000e+00 1.634122242783091784e+09 2.491979999999999890e-02 3.078989999999999852e-02
0.000000000000000000e+00 1.634122252826373100e+09 2.461649999999999949e-02 3.017260000000000081e-02
0.000000000000000000e+00 1.634122262868860960e+09 2.385929999999999995e-02 3.000970000000000026e-02
0.000000000000000000e+00 1.634122272919484615e+09 2.368839999999999835e-02 2.925140000000000032e-02
0.000000000000000000e+00 1.634122282967358828e+09 2.281270000000000173e-02 2.918180000000000079e-02
0.000000000000000000e+00 1.634122293006908417e+09 2.289980000000000140e-02 2.840929999999999844e-02
0.000000000000000000e+00 1.634122303050675869e+09 2.248369999999999883e-02 2.844019999999999881e-02
0.000000000000000000e+00 1.634122313096365213e+09 2.226430000000000076e-02 2.801160000000000108e-02
0.000000000000000000e+00 1.634122323160941362e+09 2.167619999999999963e-02 2.785090000000000135e-02
0.000000000000000000e+00 1.634122333201956511e+09 2.166569999999999954e-02 2.721490000000000020e-02
0.000000000000000000e+00 1.634122343255030632e+09 2.115020000000000094e-02 2.720490000000000061e-02
0.000000000000000000e+00 1.634122353309998989e+09 2.096009999999999887e-02 2.662880000000000108e-02
0.000000000000000000e+00 1.634122363378025770e+09 2.053249999999999867e-02 2.664340000000000111e-02
0.000000000000000000e+00 1.634122373413392782e+09 2.042700000000000071e-02 2.625800000000000009e-02
0.000000000000000000e+00 1.634122383454982996e+09 1.995299999999999851e-02 2.620839999999999975e-02
0.000000000000000000e+00 1.634122393511995792e+09 1.990329999999999877e-02 2.575629999999999933e-02
0.000000000000000000e+00 1.634122403556606293e+09 1.912370000000000042e-02 2.572860000000000077e-02
0.000000000000000000e+00 1.634122413611204624e+09 1.917200000000000154e-02 2.525830000000000089e-02
0.000000000000000000e+00 1.634122423648132563e+09 1.909659999999999830e-02 2.523440000000000058e-02
0.000000000000000000e+00 1.634122433706880808e+09 1.894399999999999903e-02 2.488970000000000071e-02
0.000000000000000000e+00 1.634122443732010126e+09 1.853959999999999983e-02 2.487960000000000171e-02
0.000000000000000000e+00 1.634122453774783850e+09 1.854599999999999999e-02 2.452529999999999988e-02
0.000000000000000000e+00 1.634122463824080229e+09 1.813700000000000034e-02 2.446670000000000095e-02
0.000000000000000000e+00 1.634122473859159946e+09 1.819789999999999949e-02 2.426249999999999934e-02
0.000000000000000000e+00 1.634122483914110661e+09 1.783989999999999881e-02 2.422830000000000122e-02
0.000000000000000000e+00 1.634122493951582432e+09 1.781320000000000126e-02 2.386539999999999842e-02
0.000000000000000000e+00 1.634122503997918367e+09 1.744170000000000095e-02 2.387449999999999989e-02
0.000000000000000000e+00 1.634122514031716347e+09 1.743750000000000161e-02 2.353999999999999843e-02
0.000000000000000000e+00 1.634122524072510719e+09 1.721280000000000032e-02 2.356240000000000070e-02
0.000000000000000000e+00 1.634122534109836817e+09 1.715049999999999908e-02 2.338319999999999982e-02
0.000000000000000000e+00 1.634122544149131298e+09 1.684530000000000055e-02 2.334320000000000145e-02
0.000000000000000000e+00 1.634122554198729515e+09 1.683729999999999949e-02 2.299210000000000143e-02
0.000000000000000000e+00 1.634122564259735584e+09 1.666379999999999945e-02 2.298269999999999827e-02
0.000000000000000000e+00 1.634122574316932440e+09 1.663859999999999992e-02 2.281209999999999835e-02
0.000000000000000000e+00 1.634122584373224258e+09 1.631430000000000033e-02 2.278929999999999845e-02
0.000000000000000000e+00 1.634122594420053482e+09 1.629519999999999927e-02 2.253559999999999938e-02
0.000000000000000000e+00 1.634122604466810703e+09 1.602769999999999889e-02 2.253569999999999879e-02
0.000000000000000000e+00 1.634122614507393837e+09 1.607700000000000101e-02 2.238539999999999974e-02
0.000000000000000000e+00 1.634122624573236704e+09 1.592270000000000144e-02 2.239990000000000037e-02
0.000000000000000000e+00 1.634122634611680031e+09 1.591079999999999925e-02 2.219420000000000073e-02
0.000000000000000000e+00 1.634122644649906635e+09 1.567819999999999978e-02 2.216310000000000155e-02
0.000000000000000000e+00 1.634122654707650423e+09 1.561970000000000025e-02 2.202470000000000122e-02
0.000000000000000000e+00 1.634122664746791840e+09 1.556349999999999921e-02 2.202590000000000103e-02
0.000000000000000000e+00 1.634122674795582771e+09 1.553719999999999928e-02 2.186820000000000083e-02
0.000000000000000000e+00 1.634122684826073885e+09 1.526729999999999927e-02 2.186130000000000018e-02
0.000000000000000000e+00 1.634122694859551907e+09 1.518599999999999985e-02 2.169019999999999976e-02
0.000000000000000000e+00 1.634122704899729967e+09 1.502200000000000063e-02 2.168170000000000167e-02
0.000000000000000000e+00 1.634122714935937643e+09 1.502260000000000054e-02 2.150509999999999922e-02
0.000000000000000000e+00 1.634122724995642185e+09 1.481400000000000078e-02 2.151020000000000015e-02
0.000000000000000000e+00 1.634122735041579485e+09 1.483019999999999998e-02 2.137479999999999936e-02
0.000000000000000000e+00 1.634122745089642525e+09 1.467970000000000039e-02 2.136189999999999964e-02
0.000000000000000000e+00 1.634122755146302700e+09 1.462970000000000069e-02 2.126180000000000084e-02
0.000000000000000000e+00 1.634122765206198454e+09 1.459839999999999922e-02 2.127839999999999940e-02
0.000000000000000000e+00 1.634122775257277727e+09 1.457070000000000067e-02 2.117139999999999994e-02
0.000000000000000000e+00 1.634122785318383455e+09 1.443140000000000048e-02 2.116279999999999897e-02
0.000000000000000000e+00 1.634122795364724636e+09 1.441609999999999940e-02 2.105670000000000111e-02
0.000000000000000000e+00 1.634122805409341812e+09 1.418059999999999980e-02 2.107449999999999948e-02
0.000000000000000000e+00 1.634122815463134050e+09 1.413909999999999993e-02 2.088249999999999829e-02
0.000000000000000000e+00 1.634122825508964539e+09 1.408900000000000083e-02 2.088570000000000010e-02
0.000000000000000000e+00 1.634122835552943707e+09 1.410540000000000058e-02 2.083909999999999929e-02
0.000000000000000000e+00 1.634122845595087290e+09 1.400239999999999992e-02 2.082840000000000039e-02
0.000000000000000000e+00 1.634122855645564318e+09 1.396840000000000061e-02 2.080049999999999955e-02
0.000000000000000000e+00 1.634122865713450670e+09 1.388810000000000044e-02 2.075420000000000043e-02
0.000000000000000000e+00 1.634122875745483160e+09 1.388600000000000077e-02 2.066089999999999940e-02
0.000000000000000000e+00 1.634122885818271399e+09 1.374079999999999920e-02 2.063829999999999831e-02
